11111010111010000000 1
11101110110111010000 1
11111111110110001000 1
11111011100010001000 1
11111110111000100000 1
11111111111101001110 1
11111111001001011000 1
11110111000100000000 1
11110110010101000000 1
11011111111100000100 1
11111100111011101000 1
11001101011100010000 1
11111010001011100000 1
11101011101000011000 1
11101101000100000000 1
11101111100101001000 1
11011111111000000010 1
11011000000010000000 1
11101001101001100000 1
11110011010001100000 1
11100100100000000000 1
11101000101011110010 1
11111100011000000000 1
11111101010000000000 1
11111110010100000000 1
11010001000000001000 1
11111111110001010000 1
11111111101001110000 1
11111100100001000000 1
11111111100111001000 1
11110111100110000000 1
11111101001000001000 1
11111111111010101000 1
11111111000110010010 1
11111111101101011000 1
11111111111111010000 1
11111111001011001010 1
11111110111000000100 1
11111111100101000000 1
11100000100000000000 1
11100100100010000000 1
11111101100000010010 1
11001011100000000000 1
11111111111101101010 1
11010111111000100000 1
11101011100000000000 1
11111011110000000000 1
11111111000000000000 1
11111111111100000000 1
11111111100001000000 1
11111100110000000000 1
11111111010001000000 1
11111100010010000000 1
11101111111101110010 1
11111110111001000001 1
11111111110110110010 1
11001111010100010000 1
11111111111000100111 1
11111111111000000000 1
11110111110000100000 1
11111011101110100000 1
11110110010000000000 1
11111111010100000000 1
11110110000100000000 1
11111011000000010000 1
11111111111001000000 1
11111111111110010000 1
11111010101000000010 1
11111011100010001000 1
11111111111011011010 1
11111111110100010000 1
11001000000000000000 1
11111111101000101000 1
11101000000000000000 1
11011110101000000000 1
11011111110111101000 1
11110110001100000000 1
11001010001000000100 1
11111100001001000000 1
11111111110000000000 1
11111101010001000000 1
11110111101110000000 1
11101011001100000000 1
11111110111000001000 1
11111110100000000000 1
11111101111000110000 1
11111100111111100100 1
11111111111101000100 1
11111111101010000000 1
11111101111100100000 1
11111111111101100000 1
11111111111111010000 1
11111001100101000000 1
11111101100000000000 1
11111011110110010000 1
11111110100100100000 1
11111111011111101010 1
11111011111111100000 1
11111111100000100000 1
11111101010000000000 1
11111011100000000000 1
11111100111110000000 1
11110010100000100010 1
11011010111100000100 1
11101111011000100000 1
11111110000100010000 1
11011101000000000000 1
11000101000000000000 1
11111111001000000000 1
11111101011100000000 1
11111111101001000000 1
11111101010011010000 1
11100010010000000000 1
11111110010100010000 1
11110111011000000000 1
11111111111110100100 1
11111111100001000000 1
11101111001110000000 1
11111100011000000000 1
11011100000000000100 1
11111101101010010000 1
11001110000100000000 1
11101110110000000000 1
11111111100000000100 1
11111111110111100001 1
11010100010000000000 1
11111111110010100000 1
11101101010001110000 1
11110100001000000000 1
11111111110011000000 1
11111111111111101101 1
11111110101100000000 1
11110111011100000000 1
11011011111110100000 1
11000010000000000000 1
11111011010100000000 1
11110000000000000000 1
11101111001000101000 1
11111111111001110000 1
11011110000000000000 1
11111111111110100100 1
11111111110100000000 1
11100110010000000000 1
11110001110000000000 1
11111001000000010000 1
11111000000100000000 1
11110000000110000000 1
11111011111110010000 1
11111011110111011110 1
11110100100100000000 1
11111011111000010100 1
11111111111000001000 1
11111110001101000000 1
11010101000010001100 1
11101111010010000000 1
11110111100010000000 1
11111111100110000000 1
11111110100001010000 1
11111010111111000010 1
11011111000110000000 1
11111111111010010010 1
11110110001000000000 1
11110110000010000000 1
11111111111111101110 1
11111001110011000000 1
11111111101000000000 1
11111001110001100000 1
11111101100110000000 1
11111111011000000000 1
11011111110100000000 1
11110111100010100000 1
11111111111100000000 1
11111111101011100010 1
11111111111011101101 1
11111000000010010000 1
11111001000001000000 1
11111011100010101100 1
11111110110101000000 1
11111101111000100000 1
11110101110000001000 1
11011101000000000000 1
11111111110101100101 1
11111111110110000100 1
11011000110000001000 1
11101111010100000000 1
11100101010000100000 1
11111111101111110000 1
11111111101001010000 1
11101111100101010100 1
11110010110010000000 1
11111011000100011000 1
11111111100110000000 1
11111111001000100000 1
11110011001100000000 1
11111010000001000000 1
11111111111001010001 1
11111111101100001000 1
11001000000000000001 1
11110110000001000010 1
11100101101100000000 1
11111111111110110100 1
11111111111111010100 1
11111000010010000000 1
11111001101100010000 1
11110111011110000000 1
11111011110010000000 1
11101100001000000000 1
11101111100000000000 1
11111111111100110100 1
11110111001110110100 1
11101011110001010000 1
11111111111011001000 1
11111111011101111000 1
11110101101100000001 1
11111110000000000000 1
11111111111100000000 1
11111010111000000000 1
11100111010000000000 1
11110110100000000000 1
11100001110010000000 1
11111111010000000000 1
11111111111000000000 1
11111011111110110000 1
11110111001100001000 1
11111101100100000000 1
11111011010000000000 1
11111110111000000000 1
11100111011000000000 1
11111111111001000000 1
11111110000000000000 1
11111111111101111110 1
11111111111010000000 1
11101010011101100000 1
11011101110010100000 1
11111001100000000000 1
11110011000000000000 1
11111110111101000000 1
11111111111011000000 1
11111111111000000000 1
11111101111000000000 1
11101110001000000010 1
11111101111110000000 1
11111111111111000000 1
11111110000011000000 1
11101101111010000001 1
11111111111101010000 1
11111110001000010000 1
11111110001001000000 1
11011010101000100000 1
11111111101000000000 1
11011111000100100000 1
11110101011000010001 1
11101111110100000000 1
11111010111111000000 1
11111110111111001010 1
11011011101100000001 1
11111111111100000000 1
11111101111001000001 1
11111101011010000000 1
11111010101000000000 1
11111000110000010000 1
11111111000000100000 1
11111011100011000000 1
11111111110110010100 1
11111110111111100110 1
11111111110111110001 1
11011001101110011000 1
11111101010000000000 1
11101111011000110010 1
11011101110010000000 1
11101111111010100010 1
11111111110101000100 1
11111110000010001000 1
11110011010000000000 1
11111110111100011000 1
11111001100001000000 1
11111111100001100000 1
11111110001100000000 1
11111111111010010001 1
11111101010110010000 1
11011101000010000100 1
11111111011100000010 1
11111011101000100100 1
11111011101000100000 1
11111111010000001000 1
11111100111101100000 1
11111111101011001000 1
11111111101100010000 1
11111010010000000010 1
11111110011101000000 1
11110111111111000000 1
11111111110000001010 1
11111111110011001000 1
11111111000110000000 1
11111111111111001001 1
11101101110010000100 1
11111111111101100010 1
11111101000000000000 1
11111101111010000000 1
11110111111110100000 1
11111011111000100100 1
11001101000001000000 1
11011001001000000000 1
11011001000000000000 1
11101111011001000000 1
11111111101010010000 1
11001000100010000000 1
11111111100100000000 1
11111111110101100000 1
11111111111101011000 1
11111111111011001000 1
11111110111010000001 1
11110100001000000000 1
11111111001000000000 1
11111110000010000000 1
11111111110000100010 1
11111111000000000000 1
11111010000010000000 1
11111111110111101000 1
11111111011110100010 1
11111111000100000000 1
11111111111110000000 1
11111111000100000000 1
11111111110111100000 1
11101110101100000000 1
11111111010000101100 1
11111110000100000000 1
11111110010010010000 1
11111111111101001000 1
11111111111100000000 1
11111111111110000000 1
11010010000010000000 1
11111110000000000000 1
11111011110111100110 1
11111110101000010001 1
11100000100000000000 1
11111101010000000000 1
11110000111000000000 1
11111111100000100000 1
11111100110101000000 1
11111111001101001100 1
11111111010010010000 1
11111110111011011010 1
11111111000001000000 1
11111111001001000000 1
11111000000000000000 1
11110100000010000000 1
11111001001001000000 1
11111000110100000000 1
11111111110000000000 1
11111111100011011000 1
11110101000000000000 1
11111100100010000000 1
11010010110100110000 1
11110101001100010000 1
11111110101111010010 1
11111101111000000000 1
11111110101010010000 1
11000010000001000000 1
11111111011111000110 1
11111111100000000000 1
11110110101100011000 1
11111111000000000000 1
11111111111100000110 1
11110111111000010000 1
11111101111011000000 1
11111100111100100000 1
11101011000100110000 1
11111011100110000100 1
11101111111100100000 1
11111111111111100010 1
11111100000000000000 1
11111111011100001010 1
11111110111000100010 1
11111111110011100011 1
11111111100000000000 1
11110111100110000000 1
11111111100110001000 1
11111111011011001000 1
11001110001000000000 1
11101101010000001000 1
11110111001100000000 1
11101111001101000000 1
11111011000000000000 1
11111110001000000000 1
11111111110010000000 1
11111111011100000001 1
11100000011100000000 1
11111110100000100000 1
11111111011100000000 1
11011001010100000000 1
11011000100000000000 1
11111111111011110100 1
11111011000000000000 1
11111110000000000000 1
11111111101101101000 1
11111110000000000000 1
11111111011011101000 1
11011010000100000000 1
11111111100001000000 1
11011100010001000000 1
11011110010000000000 1
11111110100100001000 1
11101111111000000100 1
11111101011001110000 1
11101100010000000000 1
11110111110100110000 1
11111111001110100000 1
11011111101110000000 1
11111101100110100000 1
11111111111111000001 1
11111111000010000000 1
11111111110110000000 1
11111110111000000000 1
11110100111001000000 1
11000000001000000000 1
11111111101100000000 1
11111110110000100000 1
11111111011010000000 1
11101110000010000000 1
11111111111111101000 1
11111110101011000000 1
11111011100000000100 1
11111111110010000001 1
11111100101100000000 1
11001011010000000000 1
11111111111111100000 1
11110101001000100000 1
11111111111111100000 1
11111010000000000000 1
11111111111100010000 1
11111111000100000000 1
11110111100000000000 1
11110010000000000000 1
11111111101101001000 1
11110110000010000000 1
11111111110100101000 1
11101111111111010000 1
11010101000000001000 1
11111111111110001100 1
11101111000000000000 1
11111011111101000000 1
11111111011110010100 1
11111100011101011000 1
11111001011000000000 1
11111101110100000000 1
11111111111011100000 1
11111111111100000000 1
11110001100000000000 1
11110010010000000000 1
11111111111101110001 1
11111011101101001001 1
11110110101100000000 1
11110010111101100010 1
11111111010000010000 1
11000100010000000000 1
11111101101110010001 1
11110010101000110000 1
11110110101001000000 1
11111010000001000010 1
11101111100101100101 1
11111110001000000000 1
11111111101100010000 1
11110110000001000100 1
11001100000001010000 1
11111111111111010000 1
11111111101101000000 1
11111111111011101011 1
11111111010000000000 1
11111110011100111000 1
11111111110011011000 1
11111010101110000000 1
11101001100000010000 1
11111110010011000000 1
11111110001001001000 1
11111011011110000010 1
11111111110101111100 1
11111111101100000000 1
11111110101101100000 1
11111101010100000000 1
11111111110000000000 1
11111110111100100000 1
11111111111110100100 1
11111110100100100000 1
11111111110010000000 1
11110111111010100000 1
11111111010000100000 1
11111000110000000000 1
11111111110010001100 1
11110110000110000000 1
11110110110000000000 1
11111101001111010100 1
11111110011111001000 1
11111100010100000000 1
11110110100101000000 1
11110111000000000000 1
11101111100000100001 1
11111111100101000000 1
11111010111111010000 1
11111010111110001100 1
11111111101000000000 2
11110110110100000000 2
11111111111111010101 2
11111111110110001010 2
11100000101000000000 2
11111111001101000000 2
11100101110100100000 2
11110100001000000000 2
11111111101011010000 2
11111111001000101000 2
11110111000100000000 2
11111011111000000000 2
11111111111110000000 2
11111111001100100100 2
11100110000000000000 2
11111111100100110000 2
11111011110100000000 2
11111011111011011110 2
11111100010000001100 2
11111111111010000010 2
11111111111100100000 2
11111011111000100010 2
11111000000100000000 2
11111111010000100000 2
11111111111001110000 2
11111111110101101100 2
11111111111110011000 2
11111111101100000000 2
11111101111110110000 2
11101101100001100000 2
11111111011010000000 2
11111111111000001000 2
11110101001100000000 2
11101101111100011000 2
11111111111111111000 2
11111111111011111001 2
11111111111111011100 2
11111111110010001000 2
11101110101100110000 2
11111110101100101100 2
11111111101100010000 2
11111011000010000000 2
11111111101100010000 2
11110000001010000000 2
11111110110111101100 2
11111111101100011010 2
11111111010000000000 2
11111111111100100000 2
11111111111111111010 2
11111111001100000000 2
11111111110101100000 2
11111101000010000000 2
11111101010101010000 2
11111110111000100000 2
11111111110101111100 2
11111100010000000000 2
11111111111111101000 2
11101001111000000001 2
11111110110101000000 2
11111111110101000000 2
11111101100000001010 2
11111111111100010100 2
11111111100010000000 2
11111011111111111010 2
11101101101010001000 2
11111111111110000000 2
11111110011111100000 2
11111111100101010000 2
11111111110110000100 2
11111110111111000000 2
11100101111000010100 2
11000110111010100000 2
11110111010000000000 2
11111110011011010000 2
11110111110000000000 2
11101111101110100110 2
11111111111111001000 2
11101111111010001000 2
11111000000000000000 2
11111111111110100000 2
11111111110101000000 2
11111111111110000000 2
11111100001010000000 2
11111110101111000000 2
11011011100000000000 2
11111111000100001000 2
11111111110110100110 2
11111110011010000000 2
11111111111100100001 2
11001111010010000000 2
11010110001100000000 2
11111111111110100000 2
11111111110111000000 2
11111111111001101000 2
11111111011111001000 2
11111101101000000000 2
11111111110101001000 2
11111010010010000000 2
11111111111111101111 2
11111111111111101100 2
11111111111110110000 2
11111101011011000001 2
11110111101100000000 2
11111011001000000000 2
11111111101100000100 2
11110111110010100000 2
11101111101100001000 2
11100000100000000000 2
11111111100100000000 2
11111111000100000000 2
11111101001010000000 2
11111101000000000000 2
11111111111111010100 2
11111111111011010000 2
11111111110101000000 2
11001100001000000000 2
11111111001000000100 2
11110011111100000000 2
11110111100000000010 2
11110111001001111000 2
11111111001000000000 2
11111011101000000000 2
11111110111001001100 2
11111111011111100000 2
11111111111000000000 2
11111111100011100000 2
11111111001100001000 2
11011001100010100000 2
11101011100000000000 2
11111111001111111001 2
11111101011001000100 2
11101011000000100000 2
11111111101011000000 2
11111111111110110100 2
11111110010000000010 2
11010011000000000000 2
11111110010000100000 2
11111111110001101000 2
11111111111100010100 2
11111110000010000000 2
11111001111100100000 2
11111111111111010111 2
11111111010001010000 2
11111101011110100000 2
11111100001100100000 2
11111111111111000010 2
11111111110110000000 2
11111111111010110010 2
11111111101110001010 2
11110111101101101110 2
11100001101100000000 2
11111111011101100000 2
11111011101110010000 2
11011110100000000000 2
11111111111011001000 2
11111110110100011001 2
11111111011111110010 2
11111111110100010010 2
11101111111101000000 2
11111111110011000100 2
11111111111111000100 2
11111111111111000110 2
11111111111111110110 2
11111110110000000100 2
11110110010000000000 2
11111100111101010100 2
11111111110101000000 2
11111110101001000100 2
11110011110101000110 2
11111111111111000010 2
11111111100010000001 2
11111111011100001000 2
11101101111011010000 2
11111101000011000000 2
11111111101010110100 2
11100110110000000000 2
11101111011010000000 2
11110111100101000000 2
11111101001100001000 2
11111111110000010000 2
11111111101010000000 2
11111111111110000000 2
11111110100110000000 2
11111101000000010000 2
11110111000010000000 2
11011111010100100000 2
11111011111100101100 2
11111111110110110010 2
11111111011000000000 2
11101100000000000000 2
11111111111110100000 2
11111101111111010010 2
11111111111101010000 2
11111111010100100000 2
11111010101010000000 2
11111111111111111000 2
11111011011100100000 2
11111110110000000000 2
11111111111010000000 2
11110010000010000010 2
11111111000001000000 2
11010100000000100000 2
11110111110000000000 2
11111111011010000100 2
11110000001110000000 2
11111111110111100000 2
11111100100111110000 2
11110110001110100000 2
11101111111110100000 2
11111110111011110100 2
11111111111101001100 2
11111111110011100000 2
11111011011100000000 2
11110111100110100100 2
11111111111111110100 2
11111111101001000100 2
11111111111010000000 2
11111110101010110000 2
11111111011111011000 2
11111111110010011010 2
11111110100010101000 2
11111100101000000000 2
11111111100101000100 2
11110100110000000000 2
11111111001100000000 2
11111111111111101000 2
11111111111011000000 2
11110111101011000100 2
11111001111010110000 2
11111111110001011000 2
11111111111110101010 2
11111110110111111000 2
11011100100001000000 2
11111111111001111100 2
11111111111010000100 2
11101111110110111100 2
11111111001101010000 2
11011111011100001100 2
11111110111010100000 2
11111111111111101101 2
11101110111111001000 2
11111110111101011000 2
11111111111101101010 2
11111111111011100000 2
11111011111110000000 2
11011110100000000000 2
11111111111101111101 2
11111101111101000000 2
11111111111111110111 2
11111011110110101101 2
11111101111110111110 2
11111111111010100001 2
11111110010001000000 2
11111111101001101000 2
11011101110010010000 2
11111110111001100000 2
11111111111011100100 2
11111110111011000000 2
11110110100000000000 2
11111101101000000000 2
11111111100111010001 2
11111011111011010100 2
11111111111000110110 2
11101101000100000000 2
11111101011110000000 2
11111111110111111100 2
11111101111001011000 2
11011111100110001000 2
11111111100101010000 2
11111111111000110100 2
11110100100000000000 2
11110100010011000000 2
11111111111110000000 2
11011111000000000000 2
11111111100110000001 2
11111111111100001000 2
11101111111000000000 2
11101010110001000000 2
11111111111110010100 2
11111111101100000000 2
11111111110011000000 2
11111111111010010000 2
11111110010101000000 2
11100111000110000000 2
11110100000000000000 2
11111111110100001000 2
11111111111111110000 2
11011111000000000000 2
11111000011000000010 2
11111101110001000000 2
11111110101001001000 2
11111100101100000000 2
11111111011110010010 2
11111110101100100000 2
11111110110000000100 2
11111111101101001000 2
11111111010101000100 2
11111101000100000000 2
11111111111101000100 2
11110111111111111000 2
11111111111100010000 2
11101110001000100010 2
11111111111101101001 2
11111111001111100000 2
11111111011111010000 2
11111111111100011001 2
11111111100100111000 2
11111111111110110010 2
11111101111110000001 2
11101111001010100100 2
11011011011000000000 2
11111000000100000000 2
11101111101001110000 2
11111110110001000000 2
11111111111100100000 2
11111111110011100010 2
11111111111000100000 2
11111111111010110000 2
11111101011001000000 2
11111111001010100000 2
11100111110000010000 2
11111101111010101000 2
11111111100010110000 2
11111111110111100010 2
11111010011011000000 2
11111111100000000000 2
11011100100100101000 2
11111000010000000000 2
11111100000101000000 2
11111110000010000000 2
11111110111111100010 2
11110111001010000000 2
11111110110010010011 2
11111111111111000110 2
11111110111101000000 2
11111111111111100000 2
11110101000000000000 2
11111110011001000000 2
11111110100101100000 2
11111011101010000000 2
11100111100110000001 2
11111111111111011101 2
11111101101100100000 2
11111111101000110001 2
11111111011111010000 2
11111111111100010001 2
11111111100000000001 2
11111111111110100100 2
11111111111111101111 2
11101110101111100000 2
11111011010111110000 2
11111011001110010000 2
11111111110110001000 2
11111110010001000000 2
11111111111111101000 2
11111110110000100000 2
11111001110000000000 2
11111111111000000000 2
11111111110111010000 2
11101111110101110100 2
11111111010100001001 2
11111110001101100000 2
11010001000110000000 2
11111001110111000000 2
11111111001000010000 2
11111111111110110111 2
11110000101000001000 2
11111111110010100100 2
11111111010100010100 2
11111111111111101010 2
11011110100101001010 2
11110111100000100000 2
11111010110000000000 2
11111111111101001001 2
11111111111111110010 2
11111111011111111101 2
11111110111101111001 2
11111110111111111110 2
11111011001010110001 2
11111111101001100000 2
11111101011100010000 2
11111111010000010000 2
11111011110101000001 2
11111111111101000010 2
11111111101101100000 2
11111100101110001000 2
11101000001000010000 2
11110010001110010000 2
11111111100100010000 2
11111110111011100000 2
11011110000101000100 2
11111111111001001000 2
11111001000000000000 2
11111111110111101011 2
11111011111111000001 2
11110101111000000001 2
11111111011100100110 2
11101011000001000000 2
11111111111000101010 2
11111110010010000000 2
11110010100110000000 2
11011111111010000000 2
11101111110010010010 2
11111111111111011110 2
11111111111100110010 2
11111111010000000000 2
11111111111000100110 2
11111101011000101100 2
11110110111110100000 2
11111110111000100000 2
11111111111111111001 2
11111011110000000000 2
11111110000111011000 2
11111100000101000000 2
11110111010110010100 2
11111111111111001010 2
11111111110111100100 2
11110111000010100000 2
11111010111100011000 2
11110111111111111101 2
11111011100101100000 2
11111111010000010010 2
11111100110000100000 2
11111111111111000000 2
11111111111111000001 2
11111111111110001000 2
11101010010100000000 2
11111110111110010010 2
11111111111110101100 2
11111111111101100000 2
11110111110010000000 2
11110001001010000010 2
11111111111101010000 2
11111011011101010000 2
11111011101001100000 2
11101110101010000000 2
11111000111110000000 2
11111101011000000100 2
11111111100000100000 2
11111111111011010000 2
11111111011111110110 2
11111010100100101000 2
11111111000000000000 2
11111110111110000000 2
11101110010000010000 2
11111111010000000110 2
11110110011000110010 2
11111111111111111001 2
11111111000100100000 2
11101010101000000000 2
11111011001100100000 2
11111001000100000000 2
11111110111100000001 2
11111101111110000000 2
11111110110101010000 2
11101101000000000000 2
11111011100000000100 2
11111111111111000101 2
11000100111011000000 2
11111111110110001000 2
11111111111001011110 2
11111111111101011100 2
11101111111000000001 2
11111111101001000010 2
11101011011111000000 2
11111111011000100001 2
11110100000100000000 2
11101010000000000000 2
11111111110011000000 2
11111110011000000000 2
11011111110000010000 2
11101110110000000000 2
11011110001011000000 2
11111100100100000000 2
11111111111010001000 2
11111000001000000000 2
11111000100011000000 2
11110111111110101001 2
11111111101000100000 2
11111111111000110000 2
11111111111111010110 2
11110000110000000000 2
11111101110100001000 2
11111011110100000000 2
11111111111100110100 2
11101110100000000000 2
11110111000101000000 2
11111110101100000001 2
11111111000000000000 2
11111111111111001000 2
11111111101111111101 2
11111100001000000000 2
11111110111111010000 2
11111111111110000000 2
11111111111101001000 2
11111111110110110000 2
11111111111110000000 2
11101001001001100000 2
11110011100010001000 2
11111110111010000000 2
