252552444 10001
993599999 10002
993499999 10003
252352444 10004
952599999 10005
952399959 10006
952599949 10007
252552444 10008
952499999 10009
252599449 10010
952599999 10011
992499999 10012
253399444 10013
455499444 10014
552422342 10015
253552344 10016
242555354 10017
993999999 10018
111411111 10019
252552444 10020
355252453 10021
995999999 10022
453532355 10023
212552433 10024
931599999 10025
124445255 10026
253552444 10027
952599949 10028
355552141 10029
253524442 10030
352392254 10031
352123444 10032
352512444 10033
932399949 10034
299992454 10035
252452454 10036
212599449 10037
992999999 10038
253599344 10039
993999999 10040
952599959 10041
992599999 10042
252552444 10043
911199999 10044
992999999 10045
252322444 10046
253599444 10047
252552441 10048
155499919 10049
993999999 10050
352599444 10051
252552444 10052
252499444 10053
152391444 10054
955299999 10055
992999999 10056
952499999 10057
253422454 10058
252252454 10059
555422455 10060
952599949 10061
993999999 10062
252554452 10063
952599999 10064
255552444 10065
252599449 10066
954199999 10067
552599444 10068
252599444 10069
252592344 10070
352592444 10071
452452151 10072
992999999 10073
252399449 10074
912199999 10075
252552444 10076
992999999 10077
995999999 10078
992299999 10079
332352223 10080
352224141 10081
252552444 10082
252552444 10083
252422344 10084
995999999 10085
952499999 10086
352452444 10087
252552444 10088
253599449 10089
252552444 10090
253252444 10091
252299949 10092
535525253 10093
252223444 10094
352522343 10095
254425445 10096
152422412 10097
954599929 10098
952599999 10099
442523454 10100
252452454 10101
252592444 10102
212552444 10103
993999999 10104
992999999 10105
252252444 10106
352453344 10107
911199919 10108
115199111 10109
252592444 10110
955299959 10111
252252444 10112
252599441 10113
952399999 10114
992499999 10115
992999999 10116
992599999 10117
253452444 10118
252551122 10119
233522453 10120
252599452 10121
252552444 10122
113452314 10123
953599999 10124
252552344 10125
992999999 10126
252552343 10127
992499999 10128
952599999 10129
253222444 10130
553452444 10131
353252544 10132
252552444 10133
993999999 10134
352599349 10135
352499239 10136
922299999 10137
953499999 10138
953599999 10139
253352444 10140
992599999 10141
252552444 10142
253553342 10143
955299949 10144
993999999 10145
152599949 10146
435553223 10147
952599999 10148
992999999 10149
252599443 10150
452252443 10151
252452444 10152
255552455 10153
992999999 10154
252152442 10155
253552432 10156
153222444 10157
252552444 10158
952599949 10159
552352444 10160
253551441 10161
992999999 10162
993999999 10163
252552444 10164
252552444 10165
452592344 10166
552552544 10167
252552553 10168
955599949 10169
954199959 10170
952599999 10171
252599349 10172
152552444 10173
952599999 10174
355552544 10175
252299344 10176
993499999 10177
212552444 10178
253252442 10179
333455444 10180
252599449 10181
252551444 10182
992999999 10183
552525444 10184
952599999 10185
253292454 10186
953499959 10187
352552445 10188
252499949 10189
252522444 10190
252592444 10191
992999999 10192
153599949 10193
252552444 10194
353299459 10195
254499949 10196
252554444 10197
953299999 10198
993299999 10199
253552141 10200
931599999 10201
252552144 10202
252552444 10203
252522444 10204
252552444 10205
915499999 10206
352599254 10207
992599999 10208
995299999 10209
953599949 10210
555552444 10211
992999999 10212
552352443 10213
252545425 10214
353522344 10215
252525354 10216
553152442 10217
553452445 10218
952599949 10219
453552444 10220
992999999 10221
993499999 10222
552522444 10223
993999999 10224
252592342 10225
252452444 10226
952299999 10227
992599999 10228
252552344 10229
992999999 10230
992999999 10231
251451452 10232
422423232 10233
252452414 10234
255555454 10235
252552443 10236
992299999 10237
252599444 10238
353311151 10239
952599949 10240
952599939 10241
152591552 10242
952599949 10243
253552454 10244
253252444 10245
992999999 10246
953299999 10247
913499999 10248
253452444 10249
352299949 10250
992599999 10251
253599449 10252
252522444 10253
252552544 10254
252291431 10255
152552434 10256
242522554 10257
991999999 10258
995499999 10259
993199999 10260
952399999 10261
992599999 10262
953499949 10263
992999999 10264
992599999 10265
243223432 10266
252552444 10267
952599949 10268
252552443 10269
993999999 10270
992399999 10271
253152143 10272
255222545 10273
115552111 10274
252552444 10275
952599999 10276
152552414 10277
352299441 10278
253399949 10279
552555345 10280
253552444 10281
993999999 10282
234199949 10283
252552444 10284
953599999 10285
253222344 10286
553499949 10287
253552344 10288
455352442 10289
253552243 10290
253252435 10291
111111111 10292
993999999 10293
553422444 10294
252552444 10295
943199959 10296
252293332 10297
442453432 10298
993999999 10299
995999999 10300
252223355 10301
993999999 10302
992999999 10303
252599254 10304
452292444 10305
352299949 10306
355299224 10307
953499949 10308
992999999 10309
222522344 10310
993999999 10311
952499949 10312
992999999 10313
253552444 10314
252552444 10315
252592444 10316
252452452 10317
992999999 10318
252522443 10319
992999999 10320
925499999 10321
555293442 10322
553552444 10323
992999999 10324
993999999 10325
952499999 10326
252554344 10327
254552354 10328
953499949 10329
992999999 10330
252592244 10331
992999999 10332
252552544 10333
252499439 10334
922299999 10335
353199429 10336
333555444 10337
992999999 10338
252523434 10339
953599999 10340
952499949 10341
992999999 10342
993999999 10343
252552344 10344
253152453 10345
952599949 10346
992999999 10347
991999999 10348
992999999 10349
253399444 10350
252299424 10351
252552444 10352
952399949 10353
912599949 10354
993999999 10355
232553423 10356
952599959 10357
152599141 10358
252599959 10359
152452444 10360
952599949 10361
252552344 10362
253553444 10363
352552444 10364
352443454 10365
992599999 10366
953299999 10367
992999999 10368
552599949 10369
253451444 10370
992999999 10371
952299999 10372
944499949 10373
932299999 10374
252552444 10375
252599449 10376
253352443 10377
252552444 10378
942599999 10379
552522453 10380
913399949 10381
952599939 10382
252553444 10383
252599443 10384
552243234 10385
992999999 10386
112111411 10387
352522345 10388
552199949 10389
252252444 10390
993999999 10391
453252442 10392
242522534 10393
952299999 10394
242554444 10395
952499949 10396
992599999 10397
953599949 10398
152411141 10399
153552444 10400
992999999 10401
252552434 10402
253552444 10403
993599999 10404
255222442 10405
335455224 10406
253351441 10407
212552454 10408
993399999 10409
352352354 10410
252599449 10411
993499999 10412
994499999 10413
442399959 10414
252552454 10415
953599949 10416
252352444 10417
355524355 10418
991999999 10419
952599949 10420
252552454 10421
952399999 10422
253452544 10423
253322444 10424
112431111 10425
252542444 10426
952599949 10427
912199999 10428
442524324 10429
995999999 10430
252552443 10431
153599353 10432
252552444 10433
995999999 10434
253252444 10435
993999999 10436
952499949 10437
153255443 10438
152552144 10439
253293532 10440
995199999 10441
953599949 10442
952599999 10443
552599443 10444
552422444 10445
235522443 10446
993299999 10447
242522552 10448
552422442 10449
993299999 10450
952599949 10451
252552444 10452
353531133 10453
252522444 10454
152552444 10455
152299919 10456
252525344 10457
153299919 10458
991999999 10459
242522552 10460
252552444 10461
452599559 10462
255299949 10463
252552442 10464
352599449 10465
353499449 10466
253499452 10467
915599999 10468
253354423 10469
991999999 10470
252552444 10471
953299999 10472
111112111 10473
252552444 10474
993199999 10475
992599999 10476
552452444 10477
252552452 10478
252522441 10479
952399999 10480
992999999 10481
922599949 10482
252554444 10483
253222453 10484
255552444 10485
252499449 10486
452223442 10487
253299442 10488
253554452 10489
992999999 10490
252352443 10491
252552444 10492
994999999 10493
253299949 10494
992999999 10495
252552444 10496
995999999 10497
252552444 10498
993999999 10499
952299949 10500
253599349 10501
991199999 10502
252552452 10503
952399999 10504
552522445 10505
252552444 10506
253552544 10507
992499999 10508
994999999 10509
252392444 10510
953499999 10511
992599999 10512
932599999 10513
992999999 10514
992599999 10515
552452442 10516
953599999 10517
993999999 10518
242523452 10519
952599959 10520
252222443 10521
995599999 10522
952599949 10523
353422444 10524
242599244 10525
552522453 10526
212199452 10527
955599999 10528
253552444 10529
252442444 10530
252299449 10531
991999999 10532
152552141 10533
111111111 10534
352452443 10535
992999999 10536
252322141 10537
552422243 10538
252592444 10539
443344235 10540
992599999 10541
553555224 10542
355454533 10543
353452344 10544
253222341 10545
992999999 10546
952599999 10547
352452443 10548
993999999 10549
552552444 10550
992599999 10551
242522552 10552
252599449 10553
991999999 10554
252552444 10555
212555414 10556
993299999 10557
993999999 10558
992999999 10559
252552444 10560
252599444 10561
152599139 10562
352599359 10563
952299959 10564
952599949 10565
952399999 10566
993999999 10567
993999999 10568
252552444 10569
252299449 10570
253522242 10571
553552444 10572
252555444 10573
213551413 10574
252552454 10575
153523412 10576
993599999 10577
553552444 10578
252522444 10579
255222442 10580
252552444 10581
252552444 10582
992999999 10583
452534424 10584
452599344 10585
252554444 10586
952599949 10587
252554454 10588
252522442 10589
993599999 10590
992999999 10591
952599949 10592
552143254 10593
995999999 10594
953299959 10595
991999999 10596
252352442 10597
553251441 10598
992999999 10599
952499999 10600
252552444 10601
992999999 10602
354499949 10603
952299999 10604
252552444 10605
252552443 10606
252592444 10607
253452445 10608
252299449 10609
252599449 10610
252551441 10611
253522444 10612
555411335 10613
352412344 10614
992599999 10615
943499949 10616
453552354 10617
992499999 10618
252552443 10619
212552411 10620
992999999 10621
253252443 10622
252452444 10623
993999999 10624
954299959 10625
111411111 10626
253252444 10627
352552444 10628
255491455 10629
992999999 10630
252452444 10631
252552454 10632
992599999 10633
953399949 10634
994999999 10635
253593444 10636
352522423 10637
232252452 10638
252352344 10639
992999999 10640
453522542 10641
153499919 10642
253552444 10643
953499999 10644
931599999 10645
255552444 10646
993999999 10647
252552444 10648
252552444 10649
213552414 10650
992599999 10651
952599999 10652
995999999 10653
252599452 10654
252552444 10655
255599449 10656
253452444 10657
111111111 10658
252252454 10659
253222444 10660
252254442 10661
992999999 10662
992999999 10663
253552444 10664
354294454 10665
111199919 10666
153599449 10667
252552444 10668
253499434 10669
153199949 10670
953599999 10671
955499999 10672
554552443 10673
953599959 10674
252552444 10675
232299959 10676
953599999 10677
353422342 10678
252599459 10679
222243234 10680
992999999 10681
252552444 10682
253552454 10683
152552323 10684
992999999 10685
252552414 10686
994499999 10687
952399999 10688
992499999 10689
252552443 10690
252452444 10691
252299449 10692
952299999 10693
952599999 10694
993499999 10695
992499999 10696
993999999 10697
252552442 10698
315125233 10699
452499459 10700
992999999 10701
235253445 10702
992999999 10703
952499999 10704
212552154 10705
952599999 10706
253552444 10707
993999999 10708
992999999 10709
352414444 10710
253422344 10711
253552444 10712
252552444 10713
995999999 10714
452454455 10715
552523444 10716
552599349 10717
992499999 10718
952599939 10719
252554523 10720
252552444 10721
253523444 10722
952599949 10723
553499949 10724
252552444 10725
992399999 10726
253252445 10727
992499999 10728
955599959 10729
995999999 10730
252453442 10731
953599999 10732
995599999 10733
252592443 10734
252454444 10735
992599999 10736
452352444 10737
993299999 10738
992999999 10739
352422445 10740
252245534 10741
111111111 10742
552552554 10743
954499999 10744
992999999 10745
252252444 10746
952599959 10747
992999999 10748
233522344 10749
252552444 10750
991999999 10751
952599949 10752
993599999 10753
252552444 10754
952299929 10755
252552444 10756
993999999 10757
252599949 10758
552299949 10759
253299459 10760
992999999 10761
992999999 10762
552552444 10763
253452443 10764
253552444 10765
992999999 10766
992599999 10767
252552444 10768
252552344 10769
252452444 10770
993299999 10771
993999999 10772
352352254 10773
352231452 10774
993199999 10775
253352444 10776
252552444 10777
353552344 10778
992999999 10779
252522445 10780
992999999 10781
992999999 10782
253499449 10783
253599444 10784
953299999 10785
952599999 10786
955599999 10787
952599999 10788
252552444 10789
252592444 10790
995499999 10791
235522444 10792
992999999 10793
952599999 10794
933499999 10795
253292444 10796
993499999 10797
992999999 10798
252599443 10799
252422444 10800
232292424 10801
253552454 10802
995999999 10803
992999999 10804
252592443 10805
952499949 10806
252593544 10807
953499959 10808
953299949 10809
992599999 10810
253552443 10811
253542151 10812
992599999 10813
252299949 10814
992999999 10815
992999999 10816
252552444 10817
253522444 10818
253399949 10819
252592444 10820
352599442 10821
252352444 10822
255552444 10823
252552444 10824
992599999 10825
553599454 10826
992199999 10827
992599999 10828
252552244 10829
952499949 10830
995599999 10831
255452443 10832
252499949 10833
992499999 10834
992599999 10835
111111111 10836
252522444 10837
152552434 10838
452552545 10839
252552444 10840
955499999 10841
942599999 10842
252492444 10843
153552144 10844
252552444 10845
992999999 10846
152452444 10847
452554242 10848
553254444 10849
952599929 10850
254495342 10851
992999999 10852
952599999 10853
993999999 10854
252552444 10855
953499949 10856
252552444 10857
252599159 10858
992999999 10859
252252444 10860
252522444 10861
953299999 10862
252524445 10863
252552454 10864
992999999 10865
352552444 10866
253299449 10867
252455454 10868
993999999 10869
953499959 10870
993999999 10871
254499143 10872
252552444 10873
252552444 10874
253422453 10875
252552344 10876
452252532 10877
252594452 10878
991999999 10879
243222434 10880
992299999 10881
252252354 10882
992999999 10883
252552444 10884
252552444 10885
111111111 10886
252552444 10887
953599999 10888
553399454 10889
992999999 10890
252423344 10891
245515233 10892
253452454 10893
953599999 10894
332455454 10895
553552144 10896
993499999 10897
252452144 10898
994999999 10899
992299999 10900
993999999 10901
253523442 10902
552352544 10903
552599949 10904
952599999 10905
155499429 10906
252552445 10907
353552444 10908
512352544 10909
952599999 10910
252545354 10911
252599444 10912
253552444 10913
995999999 10914
352392252 10915
252552434 10916
992999999 10917
994999999 10918
992999999 10919
992999999 10920
995999999 10921
454452442 10922
953399949 10923
992599999 10924
252552444 10925
555452444 10926
952599949 10927
111111111 10928
252552341 10929
991999999 10930
352454444 10931
252599452 10932
553252444 10933
253352444 10934
252452454 10935
352552343 10936
992499999 10937
992499999 10938
252599459 10939
152422434 10940
992999999 10941
115499129 10942
992599999 10943
345252324 10944
952599949 10945
993299999 10946
992999999 10947
252522451 10948
992999999 10949
992999999 10950
993999999 10951
552552434 10952
993299999 10953
252552444 10954
952499999 10955
992999999 10956
992499999 10957
995999999 10958
994999999 10959
252552444 10960
252552444 10961
245599459 10962
552522444 10963
155552314 10964
252522444 10965
253552434 10966
252552444 10967
952599949 10968
252455444 10969
992999999 10970
952599999 10971
952599949 10972
212152444 10973
993999999 10974
244555422 10975
253552444 10976
252522441 10977
552553544 10978
252553424 10979
252552444 10980
992999999 10981
552252444 10982
995999999 10983
252599443 10984
252499959 10985
352222354 10986
532553452 10987
342215453 10988
152552424 10989
252552444 10990
352122344 10991
953299999 10992
992999999 10993
252592444 10994
453522454 10995
253252444 10996
252552444 10997
995999999 10998
552599345 10999
252599949 11000
993999999 11001
352552442 11002
992999999 11003
993999999 11004
111111111 11005
553552444 11006
952499959 11007
353455342 11008
952599949 11009
993999999 11010
993199999 11011
253452444 11012
252399949 11013
445234243 11014
212152141 11015
993999999 11016
952299999 11017
313354355 11018
993999999 11019
242552354 11020
353552444 11021
993299999 11022
993999999 11023
252552444 11024
952599999 11025
152522443 11026
993999999 11027
553552444 11028
352592454 11029
952499949 11030
992999999 11031
954499999 11032
453252544 11033
993999999 11034
253422443 11035
992999999 11036
253599949 11037
552552543 11038
253399959 11039
254352454 11040
252552452 11041
992999999 11042
992999999 11043
992599999 11044
355452443 11045
212552344 11046
252252444 11047
952599999 11048
252552444 11049
552592444 11050
992599999 11051
993999999 11052
253252454 11053
993999999 11054
352454454 11055
253552441 11056
252593354 11057
992599999 11058
992999999 11059
992999999 11060
152299949 11061
993999999 11062
942299999 11063
252599444 11064
252552444 11065
992999999 11066
952499999 11067
552499144 11068
252592444 11069
993999999 11070
553255444 11071
953499999 11072
255499344 11073
253252453 11074
953499949 11075
253293345 11076
993999999 11077
993999999 11078
993999999 11079
252552444 11080
252451455 11081
992399999 11082
992999999 11083
253452352 11084
993999999 11085
252522442 11086
952599949 11087
252299443 11088
952599999 11089
992199999 11090
432499349 11091
552552444 11092
353299449 11093
992599999 11094
952599949 11095
953299999 11096
992999999 11097
252552443 11098
993999999 11099
253252444 11100
252552444 11101
252551434 11102
252222442 11103
992399999 11104
252552444 11105
991999999 11106
352542352 11107
252252344 11108
253552443 11109
992999999 11110
252552454 11111
353424444 11112
252552444 11113
993999999 11114
252523454 11115
352522344 11116
254299344 11117
992999999 11118
952499999 11119
553523445 11120
991999999 11121
553292444 11122
954499959 11123
554153445 11124
252552454 11125
955599999 11126
252552444 11127
252552444 11128
992999999 11129
995499999 11130
453499449 11131
992299999 11132
222443345 11133
952399999 11134
952599949 11135
952599999 11136
952499999 11137
993999999 11138
993999999 11139
953299999 11140
953399999 11141
252552444 11142
993499999 11143
352492454 11144
952499999 11145
252599444 11146
252552445 11147
352599339 11148
992999999 11149
252352444 11150
253552444 11151
252552444 11152
252599349 11153
992499999 11154
253552444 11155
545422345 11156
552599949 11157
995999999 11158
233554444 11159
953599999 11160
353299459 11161
252499459 11162
252552444 11163
993999999 11164
252351442 11165
452533522 11166
253599439 11167
532552444 11168
252592344 11169
992999999 11170
252152444 11171
352452434 11172
993999999 11173
432545425 11174
252599459 11175
954499949 11176
252552454 11177
952599959 11178
253422444 11179
552599444 11180
952599999 11181
143499151 11182
254323535 11183
252599949 11184
992999999 11185
253492444 11186
992999999 11187
252352444 11188
953499999 11189
554552444 11190
254424453 11191
453599141 11192
252522444 11193
252122444 11194
953599999 11195
455254435 11196
252552444 11197
952399999 11198
953499999 11199
952499999 11200
552322533 11201
152592414 11202
552551445 11203
991999999 11204
253253444 11205
152552454 11206
252452444 11207
252552444 11208
352599959 11209
